77089108990
77089160525
77082463248
77085362858
77089103427
77089103457
77089100341
77089108734
77089108747
77089108796
77089108769
77089108781
77089113243
77089112092
77020751727
77020751725
77020751721
77089108997
77089102986
77089108827
77089108841
77089108879
77089108906
77089108921
77089108923
77089108937
77089108739
77089108742
77089112014
77089114327
77089114634
77086241493
77086241746
77086243108
77086244528
77086244910
77086245284
77086245312
77020751850
77273466243
77089129837
77089109006
77089109008
77089109034
77089109064
77089109068
77089109078
77089109086
77089109136
77089109148
77089109154
77089109158
77089113968
77089112746
77089114690
77089113556
77089114756
77719499652
77059579927
77059579928
77719499653
77010065006
77010065009
77010065010
77010065074
77010065073
77010065070
77010065072
77020751716
77020751719
77020751701
77020751702
77020751703
77020751707
77020751711
77020751712
77020751714
77020751757
77020751748
77020751735
77020751760
77020751742
77020751744
77020751855
77020751856
77020751854
77020751852
77020751853
77059563172
77719444283
77089113405
77089129748
77089129935
77089103092
77089129951
77089103093
77089129711
77089103055
77089103083
77089103008
77089103288
77089103428
77089103037
77089103136
77089103012
77089109239
77089109248
77089109254
77089109306
77089109311
77089109538
77089109539
77089101671
77089102671
77089106332
77089108786
77089114993
77089113642
77089112105
77089112147
77089113021
77089112008
77089113608
77089112446
77089115047
77089111876
77020751733
77020751737
77020751851
77089109389
77082464755
77089109321
77089109334
77089109343
77089109346
77089109349
77089109350
77089109352
77089109353
77089109356
77089109357
77089109358
77089109363
77089109370
77089109388
77089113070
77089112889
77089114874
77089113619
77089112995
77089114365
77089128009
77089103158
77089103251
77089109395
77089109417
77089109422
77089109429
77089109430
77089109446
77089109447
77089109457
77089109471
77089109478
77089109484
77089124081
77089109495
77089103197
77089129895
77089114785
77089113679
77089114272
77089112546
77089111872
77089113446
77089103205
77089113567
77089114132
77010065063
77010065065
77010065066
77010065067
77089113196
77089124370
77089121464
77089103479
77089103463
77089129984
77089103061
77089103048
77089103477
77089109496
77089109511
77089109519
77089109521
77089108793
77089108799
77089108802
77089108807
77089109036
77089109043
77089109051
77089108749
77089108752
77089108753
77089108759
77089108764
77089113787
77089112917
77089113283
77089112656
77089112453
77089114758
77089115072
77089112382
77089109016
77089113964
77089113287
77089113640
77089113069
77089112686
77089114937
77089113469
77089112673
77089112768
77089112975
77089114231
77089114261
77089112519
77089114065
77089113746
77089114180
77089113693
77089112059
77089113775
77089113563
77089114864
77089113270
77089114784
77089113517
77089113672
77089113249
77089114253
77089112801
77089114307
77089113759
77089112782
77089113461
77089113271
77089114213
77089113015
77089114368
77089113008
77089114667
77089113265
77089114854
77089112698
77089114879
77089114869
77089114603
77089112590
77089113041
77089112507
77089114903
77089113917
77089113194
77089112190
77089115020
77089114721
77089113729
77010065033
77010065034
77010065040
77010065044
77010065045
77010065046
77010065048
77010065049
77788709012
77788709013
77788709020
77788709023
77788709025
77788709026
77788709027
77788709029
77010065000
77089113142
77059563630
77059563635
77059563651
77059563659
77059563631
77059563636
77059563644
77059563632
77059563637
77059563645
77059563653
77059563638
77059563646
77059563634
77059563639
77059563647
77059563655
77059563640
77059563648
77059563649
77059563657
77059563650
77020751751
77089113916
77089112745
77089114657
77089114256
77089113758
77089112835
77089113251
77089114293
77089114509
77089112541
77089112910
77089113648
77089114913
77009121958
77009122153
77009122156
77009122160
77009122179
77020751790
77020751792
77020751793
77020751796
77020751797
77020751798
77020751799
77719470700
77719470701
77719470702
77719470703
77719470704
77719470705
77719470706
77719470707
77719470708
77719470709
77719470710
77719470711
77719470712
77719470713
77719470714
77719470715
77719470716
77719470717
77719470718
77719470719
77719470720
77719470721
77719470722
77719470723
77719470724
77719470725
77719470726
77719470727
77719470728
77719470729
77719470730
77719470731
77719470732
77719470733
77719470734
77719470735
77719470736
77719470737
77719470738
77719470739
77719470740
77719470741
77719470742
77719470743
77719470744
77719470745
77719470746
77719470747
77719470748
77719470749
77719470750
77719470751
77719470752
77719470753
77719470754
77719470755
77719470756
77719470757
77719470758
77719470759
77719470760
77719470761
77719470762
77719470763
77719470764
77719470765
77719470766
77719470767
77719470768
77719470769
77719470770
77719470771
77719470772
77719470773
77719470774
77719470775
77719470777
77719470778
77719470779
77719470780
77719470781
77719470782
77719470783
77719470784
77719470786
77719470787
77719470788
77719470789
77719470790
77719470791
77719470792
77719470793
77719470794
77719470796
77719470797
77719470799
77719493101
77719493102
77719493103
77719493104
77719493105
77719493106
77719493107
77719493108
77719493110
77719493111
77719493112
77719493113
77719493114
77719493116
77719493117
77719493118
77719493119
77719493120
77719493121
77719493122
77719493123
77719493124
77719493125
77719493126
77719493127
77719493128
77719493129
77719493130
77719493131
77719493132
77719493133
77719493134
77719493135
77719493136
77719493137
77719493138
77719493139
77719493140
77719493141
77719493142
77719493143
77719493144
77719493145
77719493146
77719493147
77719493148
77719493149
77719493150
77719493151
77719493152
77719493153
77719493154
77719493155
77719493156
77719493157
77719493158
77719493159
77719493160
77719493161
77719493162
77719493163
77719493164
77719493165
77719493166
77719493167
77719493168
77719493169
77719493170
77719493171
77719493172
77719493173
77719493174
77719493175
77719493176
77719493177
77719493178
77719493179
77719493180
77719493181
77719493182
77719493183
77719493184
77719493185
77719493186
77719493187
77719493188
77719493189
77719493190
77719493191
77719493192
77719493193
77719493194
77719493195
77719493196
77719493197
77719493198
77719493199
77089114583
77089114834
77089114370
77089114179
77089112509
77089115045
77089112701
77089112981
77089113145
77089112363
77089114081
77089112930
77089112495
77089114308
77089113659
77089113180
77089114108
77089112598
77009122345
77009122350
77009122353
77009122358
77010065052
77010065054
77010065055
77010065056
77010065057